%YAML:1.0
rgb_intrinsics: !!opencv-matrix
   rows: 3
   cols: 3
   dt: d
   data: [ 1.0758176245332745e+03, 0., 2.9598181239929465e+02, 0.,
       1.0224913828054332e+03, 3.0647625139567793e+02, 0., 0., 1. ]
rgb_distortion: !!opencv-matrix
   rows: 1
   cols: 5
   dt: d
   data: [ -9.8542960738486685e-01, 3.3012143869746936e+01,
       -5.2306065886476946e-02, -1.3339348884136036e-02,
       -3.5073408519184056e+02 ]
depth_intrinsics: !!opencv-matrix
   rows: 3
   cols: 3
   dt: d
   data: [ 6.4387336445035692e+02, 0., 3.1771575191660361e+02, 0.,
       5.9836009256438865e+02, 2.5312714566406405e+02, 0., 0., 1. ]
depth_distortion: !!opencv-matrix
   rows: 1
   cols: 5
   dt: d
   data: [ -1.1105873948971257e+00, 9.2107409496535038e+00,
       -4.4042835177016300e-02, -2.3487012060683407e-03,
       -3.2598008597811017e+01 ]
R: !!opencv-matrix
   rows: 3
   cols: 3
   dt: d
   data: [ 9.8855758528855087e-01, -1.7352168156675767e-02,
       1.4984259350642537e-01, 1.8065076374739208e-02,
       9.9983103978450982e-01, -3.3977785391095224e-03,
       -1.4975831724496713e-01, 6.0658176438499476e-03,
       9.8870402662893375e-01 ]
T: !!opencv-matrix
   rows: 3
   cols: 1
   dt: d
   data: [ -1.5196736332232605e-01, 4.3025455313719409e-02,
       -4.5401483144345484e-01 ]
rgb_size: !!opencv-matrix
   rows: 1
   cols: 2
   dt: i
   data: [ 640, 480 ]
raw_rgb_size: !!opencv-matrix
   rows: 1
   cols: 2
   dt: i
   data: [ 640, 480 ]
depth_size: !!opencv-matrix
   rows: 1
   cols: 2
   dt: i
   data: [ 640, 480 ]
raw_depth_size: !!opencv-matrix
   rows: 1
   cols: 2
   dt: i
   data: [ 640, 480 ]
